9 0.481250 0.702500 0.200833 0.532500
9 0.735833 0.575000 0.191667 0.237500
9 0.892083 0.486250 0.149167 0.112500
9 0.376667 0.572500 0.068333 0.297500
2 0.391250 0.314375 0.084167 0.121250
2 0.504583 0.308125 0.100833 0.161250
2 0.743750 0.355625 0.054167 0.096250
2 0.674167 0.335000 0.035000 0.062500
2 0.888750 0.340000 0.039167 0.045000
2 0.977500 0.325625 0.045000 0.051250
8 0.522917 0.609375 0.169167 0.658750
8 0.383750 0.500000 0.122500 0.387500
8 0.738333 0.549375 0.210000 0.343750
8 0.906250 0.458125 0.170833 0.206250
